
Khat =

    0.2667
    0.3333


xhat =

    0.4100
    0.5126


Covariance =

    0.9333   -0.3333
   -0.3333    0.3333


Khat =

   -0.2507    0.2388
    0.2687    0.0299


xhat =

    0.4968
    0.5234


Covariance =

    0.6149   -0.3731
   -0.3731    0.3284


Khat =

   -0.0933    0.0554    0.1755
    0.1680    0.1471   -0.1122


xhat =

   -1.2938
    1.6681


Covariance =

    0.0637   -0.0207
   -0.0207    0.1031


Khat =

   -0.0512    0.1024    0.1429   -0.0492
    0.0993    0.0705   -0.0590    0.0803


xhat =

   -1.1659
    1.4593


Covariance =

    0.0473    0.0059
    0.0059    0.0596