

xhat =

    0.6195
    0.4591


Covariance =

    4.0000   -2.7500
   -2.7500    2.0000


Khat =

   -0.1050    0.0525    0.1895
    0.1872    0.1564   -0.1313


xhat =

   -1.4303
    1.8791


Covariance =

    0.0679   -0.0260
   -0.0260    0.1129


Khat =

   -0.0540    0.1046    0.1480   -0.0518
    0.1041    0.0715   -0.0637    0.0843


xhat =

   -1.2201
    1.5368


Covariance =

    0.0487    0.0054
    0.0054    0.0618
